image_width: 1280
image_height: 800
camera_name: broadrreachcam_front
camera_matrix:
  rows: 3
  cols: 3
  data: [274.883600, 0.000000, 645.052984, 0.000000, 273.607197, 385.301847, 0.000000, 0.000000, 1.000000]
distortion_model: plumb_bob
distortion_coefficients:
  rows: 1
  cols: 5
  data: [0.000000, 0.000000, 0.000000, 0.000000, 0.000000]
rectification_matrix:
  rows: 3
  cols: 3
  data: [1.000000, 0.000000, 0.000000, 0.000000, 1.000000, 0.000000, 0.000000, 0.000000, 1.000000]
projection_matrix:
  rows: 3
  cols: 4
  data: [274.883600, 0.000000, 645.052984, 0.980000, 0.000000, 273.607197, 385.301847, 0.000000, 0.000000, 0.000000, 1.000000, 0.520000]
