image_width: 1280
image_height: 800
camera_name: broadrreachcam_rear
camera_matrix:
  rows: 3
  cols: 3
  data: [279.883600, 0.000000, 643.052984, 0.000000, 283.607197, 398.301847, 0.000000, 0.000000, 1.000000]
distortion_model: plumb_bob
distortion_coefficients:
  rows: 1
  cols: 5
  data: [0.000000, 0.000000, 0.000000, 0.000000, 0.000000]
rectification_matrix:
  rows: 3
  cols: 3
  data: [1.000000, 0.000000, 0.000000, 0.000000, 1.000000, 0.000000, 0.000000, 0.000000, 1.000000]
projection_matrix:
  rows: 3
  cols: 4
  data: [279.883600, 0.000000, 643.052984, -3.739000, 0.000000, 283.607197, 398.301847, 0.000000, 0.000000, 0.000000, 1.000000, 0.84000]
